ID,Title,Author,Year,Format,File
1,Bulan,Tere Liye,2015,PDF,ebook/Tere Liye - Bulan.pdf
2,Ayat - Ayat Api,Sapardi Djoko Damono,2000,PDF,ebook/Ayat-ayat api.pdf
3,Bahagia Kenapa Tidak?,Reza A.A Wattimena,2015,PDF,ebook/Bahagia kenapa tidak1.pdf
4,Menjadi Guru Sekolah Minggu Yang Efektif,Ayub Yahya,2011,Pdf,ebook/MENJADI GURU SEKOLAH MINGGU.pdf
5,Apa Itu Ateis?,Sylvain Marechal,2020,Pdf,ebook/Apa-itu-Ateis-Sylvain-Marechal.pdf
6,Buat Apa Shalat,Dr. Haidar Bagir,2006,Pdf,ebook/Dr. Haidar Bagir - Buat Apa Shalat.pdf
7,Egoisme Itu Apa,Tadano,2021,Pdf,ebook/Tadano - Egoisme Itu Apa.pdf
8,Keterampilan Sosial Pustakawan di Era Digital,Muhsin Kalida dkk,2021,Pdf,ebook/Keterampilan Sosial Pustakawan di Era Digital.pdf
9,The Falling Leaf Never Hates The Wind,Tere Liye,2015,Pdf,ebook/Tere liye - the falling leaf never hates the.pdf
10,Resume Materi Kuliah Tamu, Juan Rahmat Saul,2025,Pdf,ebook/Juan Rahmat Saul (166) - resume materi kuliah tamu.pdf
11.MIFTAHUL JANNAH (Panduan Jalan Menuju Surga),Muhammad bin Qutbuddîn Iznikî,2019,Pdf,ebook/MIFTAHUL_JANNAH_17_01_2021.pdf
